%YAML:1.0
image_width: 640
image_height: 480
camera_name: winml_link
camera_matrix: !!opencv-matrix
  rows: 3
  cols: 3
  dt: d
  data: [619.518215, 0.000000, 316.765947, 0.000000, 620.528912, 255.873099, 0.000000, 0.000000, 1.000000]
distortion_model: plumb_bob
distortion_coefficients: !!opencv-matrix
  rows: 1
  cols: 5
  dt: d
  data: [-0.061878, 0.096757, -0.001132, 0.000036, 0.000000]
rectification_matrix: !!opencv-matrix
  rows: 3
  cols: 3
  dt: d
  data: [1.000000, 0.000000, 0.000000, 0.000000, 1.000000, 0.000000, 0.000000, 0.000000, 1.000000]
projection_matrix: !!opencv-matrix
  rows: 3
  cols: 4
  dt: d
  data: [614.885620, 0.000000, 316.828592, 0.000000, 0.000000, 616.271423, 255.675185, 0.000000, 0.000000, 0.000000, 1.000000, 0.000000]
