%YAML:1.0
image_width: 640
image_height: 480
camera_name: camera
camera_matrix: !!opencv-matrix
  rows: 3
  cols: 3
  dt: d
  data: [656.523124, 0.000000, 316.190026, 0.000000, 661.516221, 252.157064, 0.000000, 0.000000, 1.000000]
distortion_model: plumb_bob
distortion_coefficients: !!opencv-matrix
  rows: 1
  cols: 5
  dt: d
  data: [-0.095402, 0.206180, 0.003098, -0.009906, 0.000000]
rectification_matrix: !!opencv-matrix
  rows: 3
  cols: 3
  dt: d
  data: [1.000000, 0.000000, 0.000000, 0.000000, 1.000000, 0.000000, 0.000000, 0.000000, 1.000000]
projection_matrix: !!opencv-matrix
  rows: 3
  cols: 4
  dt: d
  data: [652.405884, 0.000000, 310.997574, 0.000000, 0.000000, 662.517212, 253.236530, 0.000000, 0.000000, 0.000000, 1.000000, 0.000000]
