%YAML:1.0
image_width: 416
image_height: 416
camera_name: narrow_stereo
camera_matrix: !!opencv-matrix
  rows: 3
  cols: 3
  dt: d
  data: [368.692447, 0.000000, 213.379809, 0.000000, 369.116326, 203.393980, 0.000000, 0.000000, 1.000000]
distortion_model: plumb_bob
distortion_coefficients: !!opencv-matrix
  rows: 1
  cols: 5
  dt: d
  data: [0.130699, -0.076611, 0.003735, 0.004746, 0.000000]
rectification_matrix: !!opencv-matrix
  rows: 3
  cols: 3
  dt: d
  data: [1.000000, 0.000000, 0.000000, 0.000000, 1.000000, 0.000000, 0.000000, 0.000000, 1.000000]
projection_matrix: !!opencv-matrix
  rows: 3
  cols: 4
  dt: d
  data: [388.486603, 0.000000, 215.217742, 0.000000, 0.000000, 389.060760, 204.997828, 0.000000, 0.000000, 0.000000, 1.000000, 0.000000]
